id1,id2,matching_probability
10,3077,1.0
100,1814,1.0
1000,1800,1.0
1003,2795,1.0
1006,631,1.0
1008,3349,1.0
1009,3348,1.0
101,2146,0.9
1010,2815,1.0
1013,2588,1.0
1019,1252,1.0
102,3909,1.0
1021,2246,1.0
1022,4680,1.0
1023,3285,1.0
1025,3203,1.0
1026,1376,1.0
1027,1714,1.0
103,992,1.0
1031,459,1.0
1032,4276,1.0
1042,1965,1.0
1045,1645,1.0
1047,3602,1.0
1048,985,0.9
1049,7,1.0
105,2675,0.95
1051,2563,1.0
1052,2319,1.0
1053,217,1.0
1055,2772,1.0
1057,4636,1.0
1059,1861,1.0
1061,1891,1.0
1064,2351,1.0
1067,3245,1.0
1068,3340,1.0
1069,2662,1.0
1070,905,1.0
1075,1262,1.0
1078,4997,1.0
1079,2777,1.0
108,628,1.0
1081,94,1.0
1083,973,1.0
1085,913,1.0
1086,472,1.0
109,2400,1.0
1090,2307,1.0
1091,3711,0.85
1093,4326,1.0
1094,1731,1.0
1096,2426,1.0
1097,4280,1.0
1098,2884,1.0
1099,3945,1.0
11,2982,1.0
1103,1972,0.8
1104,3006,1.0
1105,470,1.0
1110,3830,1.0
1114,469,1.0
1115,1856,1.0
1116,471,1.0
1117,2245,1.0
1118,1386,1.0
1122,955,1.0
1123,582,1.0
1125,4959,0.9
1127,4385,1.0
1129,56,1.0
1131,3223,1.0
1132,1718,1.0
1138,3811,1.0
1139,3431,1.0
1142,2379,1.0
1145,3120,0.9
1147,1442,1.0
1149,2403,1.0
1151,64,1.0
1152,2118,1.0
1159,592,1.0
1167,293,1.0
1169,390,1.0
117,4025,1.0
1171,3417,1.0
1173,2980,1.0
1174,461,1.0
1175,28,1.0
1177,1956,1.0
1178,2358,1.0
1182,262,1.0
1183,3852,1.0
1185,4180,1.0
1186,2635,1.0
1189,1726,1.0
1192,2882,0.9
1193,4824,1.0
1195,3810,0.95
1197,3765,1.0
1198,253,1.0
1200,4700,1.0
1201,2364,1.0
1203,3446,1.0
1204,4620,1.0
1205,2217,1.0
1206,3540,1.0
1207,2363,1.0
1208,1020,1.0
1209,2666,1.0
121,1472,1.0
1213,4870,1.0
1214,2942,1.0
1219,4238,1.0
1221,1207,1.0
1225,3639,1.0
1227,872,1.0
1229,669,0.9
123,4138,0.9
1233,577,1.0
1236,1635,1.0
1239,672,1.0
1240,1744,1.0
1245,4235,1.0
1249,3951,1.0
125,4138,1.0
1253,634,1.0
1254,1066,1.0
1257,30,0.95
1258,1372,1.0
1259,1362,0.9
126,4215,1.0
1262,898,0.95
1263,4676,1.0
1267,4656,1.0
1269,1387,1.0
127,2837,1.0
1271,1538,1.0
1272,4889,1.0
1278,306,1.0
128,2308,1.0
1281,501,0.9
1287,1105,1.0
1289,4886,1.0
129,2813,1.0
1291,117,1.0
1292,535,1.0
1293,3040,0.9
1294,1012,1.0
1295,827,1.0
1297,3787,1.0
13,1069,1.0
130,1265,1.0
1303,3424,1.0
1304,4175,1.0
1306,1654,1.0
1307,4652,0.95
1308,1127,1.0
131,287,1.0
1310,1695,1.0
1311,2342,1.0
1318,2900,1.0
1321,2493,1.0
1322,1169,1.0
1324,272,1.0
1326,2948,1.0
1327,1477,1.0
1329,1674,1.0
133,997,1.0
1335,4269,0.9
1336,4886,0.7
1337,4647,0.85
134,907,1.0
1340,4265,1.0
1340,4878,0.51
1341,3378,1.0
1343,3259,1.0
1347,2003,1.0
135,2744,0.95
1351,2475,0.975
1352,1338,1.0
1353,2835,1.0
1354,668,1.0
1356,1087,1.0
1357,4190,1.0
1359,464,1.0
136,130,1.0
1360,1444,1.0
1369,2102,1.0
137,1466,1.0
1370,4271,1.0
1372,3046,1.0
1373,2991,1.0
1374,4971,1.0
1375,2306,1.0
1378,186,1.0
1381,1414,1.0
1382,1871,1.0
1386,90,1.0
1393,4641,1.0
1395,150,1.0
14,4465,1.0
140,3241,0.925
1401,2455,1.0
1402,4762,1.0
1407,4450,0.9
141,4610,1.0
1419,3612,1.0
1421,348,0.875
1427,4980,1.0
1429,4322,1.0
1431,2791,1.0
1433,1114,1.0
1439,410,1.0
1441,2739,1.0
1443,1166,1.0
1448,1440,1.0
1449,2417,1.0
1451,1306,0.725
1454,4209,1.0
1457,1866,1.0
1458,4851,1.0
1459,2858,1.0
146,1403,1.0
1465,422,1.0
1471,235,1.0
1473,3478,1.0
1474,1637,1.0
1480,1519,1.0
1481,3780,1.0
1485,1094,1.0
1486,4754,1.0
1487,93,0.9
1488,3990,0.8
1489,263,1.0
1491,4662,1.0
1494,2225,1.0
1496,1502,1.0
1497,2658,1.0
15,4811,1.0
1504,3139,1.0
1507,3050,1.0
151,3218,1.0
1511,141,1.0
1512,759,0.9
1513,3601,1.0
1516,88,1.0
1517,4348,1.0
1518,733,1.0
1523,4523,1.0
1525,4113,1.0
1530,2287,1.0
1531,864,1.0
1532,4572,0.9
1534,2000,1.0
1536,478,1.0
1537,4869,0.9
1541,4756,0.733333333333
1545,3593,1.0
1549,875,1.0
155,305,1.0
1553,4801,1.0
1556,4709,1.0
1557,4123,0.8
1559,2614,1.0
156,2762,1.0
1563,4059,1.0
1566,3697,1.0
1567,993,1.0
1582,1251,1.0
1584,3570,1.0
1586,4847,1.0
159,731,1.0
1591,1229,1.0
1592,2888,1.0
1593,3100,1.0
1602,3729,1.0
1608,2344,0.8
1609,4223,1.0
1612,537,1.0
1616,3462,0.95
1617,2543,1.0
1618,610,1.0
1619,1122,1.0
1623,2009,1.0
1625,998,1.0
1628,1916,1.0
163,2572,1.0
1631,2117,1.0
1632,799,0.95
1633,1158,1.0
1636,681,1.0
1645,3425,1.0
1649,73,1.0
165,1847,1.0
1650,1501,1.0
1651,2266,1.0
1654,1074,1.0
1655,571,1.0
1657,920,0.8
1658,214,1.0
1659,4264,1.0
1660,4337,1.0
1661,1758,1.0
1664,228,1.0
167,1271,1.0
1674,425,1.0
1678,643,0.9
1680,3155,1.0
1685,4873,0.9
1687,108,1.0
1689,3961,0.95
169,4178,1.0
1690,2919,1.0
1693,164,1.0
1694,2184,1.0
1696,1888,1.0
17,1144,1.0
1702,1040,1.0
1703,163,1.0
1704,4261,0.9
171,4651,1.0
1712,1159,1.0
1719,4800,0.9
1720,362,1.0
1721,140,1.0
1722,1063,1.0
1727,515,1.0
1731,719,0.9
1732,1439,1.0
1734,513,1.0
1735,2554,1.0
1736,545,1.0
1738,3306,1.0
1740,1022,1.0
1753,2452,1.0
1756,4714,1.0
1757,2324,1.0
1759,2781,0.9
1762,1815,0.9
1765,2020,1.0
1766,3680,1.0
177,3254,0.9
1774,2896,1.0
1777,4955,1.0
1782,1670,1.0
1784,159,0.9
1787,4136,0.95
1789,4975,1.0
1794,2832,1.0
1795,2575,1.0
1797,4304,0.9
1798,1211,1.0
1799,861,1.0
18,2463,1.0
1800,3686,1.0
1801,1295,1.0
1806,1274,1.0
1810,2153,1.0
1813,3905,1.0
1816,2291,1.0
1817,1560,1.0
1821,950,1.0
1825,4599,1.0
1826,3580,1.0
1827,3079,1.0
1829,4760,1.0
1830,4510,0.9
1836,4171,1.0
1837,59,1.0
1838,1048,1.0
1841,3448,1.0
1844,4915,1.0
1846,444,1.0
1848,149,1.0
1849,3124,1.0
185,4021,0.9
1851,3207,1.0
1852,3078,1.0
1853,3356,1.0
1858,1862,1.0
1859,3632,1.0
186,3202,1.0
1864,3497,1.0
1867,615,1.0
1870,558,1.0
1872,4007,1.0
1873,2469,0.9
1874,232,1.0
1877,1748,0.85
1878,2481,1.0
1879,1662,1.0
1880,3375,1.0
1883,2643,1.0
1888,2299,1.0
189,4224,1.0
1890,3701,1.0
1891,1763,0.9
1891,4922,1.0
1892,2540,1.0
1893,4192,1.0
1896,2283,1.0
1897,482,1.0
1898,4748,1.0
19,359,0.8
1904,296,1.0
1905,3763,1.0
1908,3987,1.0
1911,1016,0.9
1913,4146,0.6
1914,2024,0.9
1915,2108,1.0
1921,4852,1.0
1922,2257,0.9
1923,871,1.0
1927,1799,1.0
1938,1227,1.0
194,2393,1.0
1940,3971,1.0
1946,957,1.0
1947,222,1.0
1949,4601,1.0
1952,1700,0.9
1954,4433,1.0
1956,1994,0.8
1958,2378,1.0
1959,3033,1.0
1963,402,1.0
1966,1834,1.0
1968,934,0.9
1971,3310,1.0
1974,3885,1.0
1979,299,1.0
1980,4938,1.0
1982,1591,1.0
1984,4672,0.72
1985,260,1.0
1986,4909,1.0
1988,4005,1.0
199,721,1.0
1995,1918,1.0
1999,1366,1.0
200,2214,1.0
2001,3260,1.0
2005,1061,1.0
2007,3508,0.9
2009,821,1.0
201,6,1.0
2013,4045,1.0
2015,4428,1.0
202,1476,1.0
2022,1092,1.0
2025,1460,0.62
2025,2413,1.0
2026,2296,1.0
2027,62,1.0
2028,4511,1.0
2031,2595,1.0
2034,3785,1.0
2035,1570,1.0
2036,1907,1.0
2037,1644,1.0
2042,1960,1.0
2045,2091,0.9
2048,4579,1.0
2049,492,1.0
205,3252,1.0
2056,797,1.0
2057,4102,1.0
2059,938,1.0
206,4365,1.0
2060,333,1.0
2065,539,1.0
2068,1766,1.0
207,2273,1.0
2071,1717,1.0
2073,3797,1.0
2077,2015,1.0
2078,1660,1.0
2079,218,1.0
208,4089,1.0
2081,516,1.0
2082,3891,1.0
2083,4725,0.736666666667
2084,3741,0.9
2085,4761,1.0
2087,4809,1.0
2093,3882,1.0
2099,3769,1.0
2106,3042,0.9
2107,788,0.933333333333
2110,3576,1.0
2114,666,1.0
2119,1057,0.9
212,1016,0.9
2120,2479,0.9
2126,1727,1.0
2128,2180,0.9
2129,2067,1.0
213,4184,1.0
2131,1359,1.0
2136,3808,1.0
2137,4948,1.0
2138,756,1.0
2140,876,1.0
2141,458,1.0
2145,3191,1.0
2149,1884,1.0
215,2028,0.9
2150,3682,1.0
2151,3777,0.9
2156,3396,0.9
2158,1089,1.0
2159,4660,1.0
2163,4846,1.0
2166,3932,1.0
2169,170,1.0
2170,3966,1.0
2174,2571,1.0
2175,768,1.0
2178,3469,1.0
218,2527,1.0
2180,786,1.0
2184,4034,1.0
2185,484,1.0
2186,1254,1.0
2188,1021,0.8
2192,2871,1.0
2193,1853,1.0
2196,1877,1.0
2197,4360,0.9
2199,1804,1.0
22,3264,1.0
2209,4051,1.0
221,2369,1.0
2210,3850,1.0
2211,4904,1.0
2212,2807,1.0
2213,4638,1.0
2216,4683,1.0
2218,4466,1.0
222,3755,0.95
2227,4587,1.0
2228,2827,1.0
223,947,1.0
2231,1187,1.0
2232,20,1.0
2233,2732,1.0
2234,2735,1.0
2235,4200,0.8
2237,3539,1.0
2238,4840,1.0
2242,969,0.9
2243,1795,1.0
2247,355,1.0
2251,171,1.0
2253,2673,1.0
2254,1636,1.0
2256,4914,1.0
2257,121,1.0
2258,1507,1.0
2259,4006,1.0
2263,705,1.0
2264,3411,0.8
2267,3775,1.0
2274,598,1.0
2277,3409,1.0
228,4699,1.0
2287,3384,1.0
2288,3783,1.0
229,4154,1.0
2290,2502,1.0
2291,2077,1.0
2292,354,0.9
2294,601,1.0
2295,2956,1.0
2298,3881,1.0
2304,2106,1.0
2305,1970,1.0
2306,2103,1.0
231,1952,1.0
2312,3893,1.0
2313,4108,1.0
2314,2132,1.0
2315,3247,0.8
2320,1286,1.0
2324,2961,1.0
2326,4159,1.0
2327,625,0.8
233,367,1.0
2330,4537,1.0
2331,3383,1.0
2333,1190,1.0
2337,858,0.9
2340,2384,1.0
2341,2561,1.0
2342,2924,0.9
2345,3607,1.0
2351,753,1.0
2353,67,1.0
2354,3032,1.0
2361,4350,1.0
2362,2489,1.0
2363,4532,1.0
2365,1552,1.0
2366,3294,1.0
2371,4477,1.0
2373,1447,1.0
2381,1312,1.0
2383,3949,1.0
2384,815,1.0
2388,3499,1.0
2392,4554,1.0
2395,3397,1.0
2396,2607,1.0
2397,929,1.0
24,1118,1.0
2400,1903,1.0
2403,3851,1.0
2404,3872,1.0
2409,2800,1.0
241,2269,1.0
2416,421,1.0
242,1843,1.0
2421,755,0.816666666667
2422,3068,1.0
2426,2887,0.9
2435,3705,1.0
2438,4387,1.0
2439,4745,1.0
2440,256,1.0
2445,2468,1.0
2448,3274,0.9
2453,4794,1.0
2454,2023,1.0
2455,1266,1.0
2457,3109,1.0
2459,2094,1.0
2462,4628,1.0
2466,4785,1.0
2469,4861,1.0
2473,4024,1.0
2474,1450,1.0
2475,3395,1.0
2476,599,1.0
2477,1341,1.0
2478,1931,1.0
2480,3290,1.0
2482,1371,1.0
2490,2309,1.0
2492,3588,1.0
2497,313,1.0
25,3093,1.0
250,3527,1.0
2500,3889,1.0
2505,3045,1.0
2506,4826,1.0
2507,1420,1.0
2508,1335,1.0
2509,2962,1.0
2510,2200,1.0
2512,4485,1.0
2515,4061,1.0
2518,4881,1.0
2519,2070,1.0
252,3293,1.0
2520,3471,1.0
2521,4320,0.9
2522,2937,0.9
2523,3371,1.0
2527,4832,1.0
253,3726,1.0
2532,4906,0.9
2533,499,1.0
2545,4875,1.0
2546,1826,1.0
2549,3208,1.0
255,2323,1.0
2550,2008,1.0
2551,4808,1.0
2553,3782,1.0
2554,962,1.0
2557,4890,1.0
2558,2005,1.0
2559,3590,1.0
256,914,1.0
2560,2530,1.0
2564,4292,1.0
2565,4574,0.6
2567,2099,1.0
2571,4866,1.0
2572,4161,0.9
2573,2913,1.0
2577,4340,1.0
2578,4032,1.0
258,869,0.8
2581,3684,0.9
2583,3869,1.0
2585,1685,0.9
2587,372,1.0
259,1328,1.0
2590,3121,1.0
2592,1763,0.9
2593,1786,0.9
2594,3972,1.0
2597,562,1.0
2601,2382,1.0
2602,4211,1.0
2603,3854,0.9
2606,131,1.0
2609,686,0.9
261,331,1.0
2616,589,1.0
2618,623,1.0
2619,1988,1.0
2620,912,1.0
2622,1613,0.9
2623,2695,1.0
2624,880,1.0
2630,4565,1.0
2637,436,1.0
2645,4137,1.0
2648,1667,1.0
265,2284,1.0
2652,2431,1.0
2653,466,1.0
2656,3874,1.0
2659,4595,1.0
2667,143,1.0
2669,781,1.0
267,811,1.0
2672,1257,1.0
2673,1282,1.0
2674,2116,0.9
2676,3669,1.0
2677,4999,1.0
2678,4929,0.9
2679,1900,0.9
2681,4693,1.0
2688,2409,1.0
2689,4091,1.0
269,2190,1.0
2691,2311,1.0
2695,2096,1.0
2696,1620,1.0
2697,1934,1.0
270,3263,1.0
2703,1829,0.9
2704,3503,1.0
2705,1470,1.0
2707,3720,0.8
2708,4414,1.0
2709,2841,1.0
271,2235,1.0
2710,963,1.0
2711,1080,1.0
2713,2060,1.0
2714,4901,1.0
2715,829,1.0
2716,3319,1.0
2726,3007,0.9
2728,1548,0.9
2729,4217,1.0
273,166,1.0
2733,13,1.0
2737,1311,0.9
2740,3504,1.0
2745,738,0.9
2746,3776,0.8
2750,2817,1.0
2756,2012,0.9
2757,2768,1.0
2758,2848,1.0
276,3710,1.0
2763,3214,1.0
2765,1213,1.0
2768,3075,1.0
2769,1938,1.0
277,3284,1.0
2775,2531,1.0
278,1112,1.0
2784,4243,1.0
2794,498,1.0
2796,480,1.0
2797,2406,1.0
28,4770,1.0
2803,3984,1.0
2808,3888,0.85
281,4421,1.0
2813,3996,1.0
2815,4577,1.0
282,4293,1.0
2820,1870,1.0
2824,244,1.0
2826,3555,0.9
2829,411,1.0
2830,1484,1.0
2832,2616,1.0
2834,4346,1.0
2838,4095,1.0
2839,3456,1.0
284,3074,1.0
2845,830,1.0
2846,1772,1.0
2847,1121,1.0
2850,796,1.0
2852,4277,1.0
2854,4585,1.0
2857,3255,1.0
286,4188,1.0
2869,3743,0.9
2871,605,1.0
2874,1418,1.0
2875,2779,0.9
2876,1242,1.0
2877,4347,1.0
2879,4019,1.0
2880,403,0.8
2881,4153,1.0
2882,3330,1.0
2887,4407,1.0
2889,3567,1.0
2890,4531,0.9
2893,2247,1.0
2898,3694,1.0
29,3744,1.0
290,1377,0.9
2905,3162,1.0
2910,769,1.0
2914,3958,1.0
2917,1628,1.0
292,1233,1.0
2920,3790,0.833333333333
2922,1987,1.0
2923,3944,0.9
2925,3246,1.0
2927,3981,1.0
2929,1839,1.0
293,4398,1.0
2933,502,1.0
2937,2057,1.0
2939,2999,1.0
294,4001,1.0
2945,1996,1.0
2946,2173,1.0
2947,1200,1.0
295,4146,1.0
2952,556,1.0
2954,3722,0.843333333333
2957,4908,1.0
2959,4419,1.0
296,1353,1.0
2963,97,1.0
2966,1807,1.0
2972,4141,1.0
2974,4332,1.0
2977,2912,1.0
298,519,1.0
2983,4403,1.0
2986,1609,1.0
2988,1453,1.0
299,2917,0.85
2994,2211,0.9
30,399,1.0
300,207,1.0
3004,1398,1.0
3006,4454,1.0
3009,1327,1.0
301,4416,1.0
3012,2237,1.0
3014,3837,0.9
3015,1875,1.0
3018,1205,1.0
3019,3390,1.0
3023,329,1.0
3027,2439,1.0
303,900,1.0
3036,2479,1.0
3042,4263,1.0
3043,3364,1.0
3046,897,0.9
3051,3532,1.0
3052,3250,1.0
3053,3048,1.0
3055,4684,1.0
3060,3541,1.0
3063,3878,0.95
3064,904,1.0
3070,4425,1.0
3071,3523,0.9
3075,4786,1.0
3080,4952,1.0
309,3751,1.0
3090,4542,1.0
3091,208,1.0
3093,3393,1.0
3097,4274,1.0
31,3812,1.0
3100,760,1.0
3105,52,1.0
3106,941,1.0
3109,2078,1.0
311,3275,1.0
3111,3019,0.9
3112,4867,1.0
3114,984,1.0
3117,2748,1.0
3118,1852,1.0
312,1426,1.0
3123,2724,1.0
3125,3215,1.0
3129,1354,1.0
3135,4279,1.0
314,2723,0.9
3143,3427,0.9
3150,1436,1.0
3151,3060,0.8
3155,3222,0.9
316,2764,1.0
3163,2165,1.0
3164,737,1.0
3168,373,1.0
3174,3611,1.0
3177,2289,1.0
318,1837,1.0
3182,2160,1.0
3184,2954,1.0
3188,4648,1.0
319,555,1.0
3190,120,0.8
3191,79,1.0
3193,1886,1.0
3203,1365,1.0
3205,3724,1.0
3206,3946,1.0
321,2839,1.0
3210,3676,1.0
3217,3477,0.9
3218,1610,1.0
3221,1454,1.0
3226,1067,1.0
3227,2050,1.0
3229,2411,1.0
3230,711,1.0
3231,377,1.0
3233,2495,1.0
3236,2677,1.0
3240,1872,0.8
3242,624,1.0
325,4349,1.0
3252,3041,1.0
3254,4377,1.0
3255,4657,1.0
3262,3457,0.9
3268,4776,1.0
3269,3382,1.0
3274,2754,1.0
3280,4359,1.0
3282,2745,1.0
3283,4934,0.85
3288,4160,1.0
3289,1806,1.0
329,1334,1.0
33,453,0.9
3302,1268,1.0
3304,3880,1.0
3306,2119,1.0
3308,3964,1.0
331,4864,1.0
3317,2897,1.0
3323,1318,1.0
3324,68,1.0
333,1623,1.0
3332,3691,1.0
3336,2470,1.0
3341,4674,1.0
3347,3575,0.9
335,57,0.95
3350,245,1.0
3351,1413,0.9
3358,4634,1.0
336,953,1.0
3361,3501,0.75
3362,4230,0.8
3368,3857,0.95
3373,485,1.0
3375,3687,0.85
3375,4336,1.0
3379,1075,1.0
338,462,1.0
3381,1798,0.9
3384,1339,1.0
3387,1050,1.0
3390,1882,0.9
3392,4429,1.0
3393,1816,1.0
3396,3266,1.0
3397,4609,0.8
340,3617,1.0
3402,4905,1.0
3404,3099,1.0
341,2268,1.0
3416,3845,1.0
3419,2275,1.0
3421,4723,1.0
3423,4763,1.0
3424,9,1.0
3427,2089,1.0
3433,4958,0.9
3435,1412,1.0
3439,4782,1.0
3445,2372,0.9
3453,3083,1.0
3457,1831,1.0
3459,238,1.0
346,2979,0.9
3461,3976,1.0
3462,3392,1.0
3464,2910,1.0
3468,1084,0.9
3469,2810,1.0
3473,683,1.0
3475,4702,1.0
3476,2343,1.0
3483,2907,1.0
3484,891,1.0
3492,971,1.0
3495,4179,1.0
3496,16,1.0
35,921,1.0
3503,4855,0.9
3504,4033,0.9
3506,4327,1.0
3507,989,1.0
3508,389,1.0
3510,2436,1.0
3513,3089,0.9
3514,3574,0.9
3515,2842,1.0
3516,3614,1.0
3521,3167,0.7
3525,4795,1.0
3526,1617,1.0
3527,4774,1.0
3528,2250,1.0
353,2301,1.0
3534,4148,1.0
3538,3213,0.8
3539,1527,1.0
3545,928,1.0
3547,343,1.0
3548,1619,1.0
3549,2808,1.0
3554,2661,1.0
3555,3038,1.0
356,1805,1.0
3568,318,0.9
3569,1383,1.0
3574,387,1.0
3582,2001,1.0
3585,3332,1.0
3586,4363,1.0
3588,4755,1.0
359,1833,1.0
3594,3635,1.0
3596,297,1.0
3597,1163,1.0
3607,4133,1.0
3608,1415,1.0
361,1423,1.0
3614,1725,0.9
3615,437,1.0
3617,4107,1.0
3618,1178,1.0
3619,3699,1.0
3622,3732,1.0
3624,3149,0.9
3626,1393,1.0
3628,3434,0.9
3630,1355,1.0
3636,2753,1.0
364,2680,1.0
3640,4780,1.0
3642,1154,1.0
3644,2983,1.0
365,3716,1.0
3650,725,1.0
3651,4308,1.0
3654,2402,1.0
3655,966,1.0
3668,2191,1.0
3669,3305,0.9
3674,2252,1.0
3677,3568,1.0
3678,685,1.0
3680,2769,0.7
3683,2651,1.0
3686,500,1.0
3692,4198,1.0
3693,4828,1.0
3695,800,0.9
3697,3997,0.8
3698,4703,1.0
3699,662,1.0
37,2064,1.0
3700,4417,0.8
3705,776,0.95
3706,165,1.0
3708,722,1.0
371,2248,1.0
3711,1812,1.0
3712,1455,0.9
3718,1368,1.0
3723,392,1.0
3724,4559,1.0
3725,1363,1.0
3726,3952,1.0
3728,2332,0.9
373,4659,1.0
3730,1468,1.0
3733,2902,1.0
3738,3029,1.0
3740,923,0.9
3746,1825,1.0
3748,427,1.0
3750,1796,1.0
3753,3009,1.0
3756,4170,1.0
3758,4591,1.0
3764,3386,1.0
3767,1198,0.9
3768,3480,0.95
377,3730,1.0
3770,4789,1.0
3778,1431,0.9
3789,4035,1.0
3796,1716,0.7
3796,3982,1.0
3798,843,1.0
3801,3232,1.0
3803,4845,1.0
3806,3665,0.9
3808,3621,1.0
3809,1464,1.0
3813,3230,1.0
3816,2331,0.9
3817,915,1.0
3818,4246,1.0
3819,4325,1.0
3824,2930,1.0
3828,1427,1.0
3831,3312,0.8
3832,1569,1.0
3837,2516,1.0
3839,3978,1.0
384,3940,1.0
3840,620,1.0
3842,3835,1.0
3843,1188,0.75
3845,1399,1.0
3846,1830,1.0
3850,2368,1.0
3856,3533,1.0
3858,3278,1.0
3859,1125,1.0
386,3814,1.0
3860,240,1.0
3862,1894,1.0
3864,3829,1.0
3865,4000,1.0
387,4143,1.0
3873,2809,0.9
3875,4194,0.9
3876,4449,1.0
3878,2718,1.0
3881,2542,1.0
3886,4737,1.0
3895,3354,1.0
3896,2280,1.0
3898,1304,1.0
39,2135,1.0
3901,2387,1.0
3907,1077,0.875
3908,1793,1.0
3910,602,0.9
3912,3268,1.0
3918,4490,1.0
3920,2423,1.0
3921,3299,1.0
3922,522,0.975
3929,126,1.0
393,578,1.0
3932,4850,1.0
3935,3361,0.8
3938,4062,0.9
3939,670,1.0
394,2577,1.0
3940,1348,1.0
3945,65,1.0
3947,1945,0.9
3948,27,0.9
395,996,1.0
3952,1238,1.0
3956,4405,1.0
3957,4746,0.9
396,2352,1.0
3961,1120,0.9
3970,429,1.0
398,2300,1.0
399,4668,1.0
3997,3281,1.0
40,1682,1.0
400,2305,1.0
4001,1116,1.0
4003,2821,1.0
401,2776,1.0
4012,3842,1.0
4015,3745,1.0
4017,3933,1.0
4019,4541,1.0
4022,3140,0.8
4023,344,0.9
4031,611,1.0
4035,69,1.0
4037,2196,0.9
4039,4167,1.0
404,323,1.0
4040,4427,1.0
4048,2199,1.0
4048,3897,0.933333333333
4051,886,0.7
4053,346,1.0
4054,4607,1.0
4058,3142,1.0
407,3394,1.0
4070,4606,0.9
4074,4830,0.9
4076,3956,1.0
4077,2686,0.7
4080,72,0.816666666667
4081,3871,0.8
4083,3380,0.95
4084,1234,0.8
4085,4166,1.0
4086,3959,1.0
4089,3188,1.0
409,394,1.0
4098,11,1.0
410,3449,0.85
4104,909,1.0
4106,2397,1.0
4107,675,0.9
4108,192,1.0
4110,2472,1.0
4120,1653,1.0
4121,1521,0.9
4123,4125,0.9
4126,2510,0.9
4127,1071,1.0
4130,3556,1.0
4136,4152,1.0
4137,3683,1.0
4140,4085,1.0
4144,2975,1.0
415,2846,1.0
4157,3363,1.0
4160,4372,1.0
4162,2051,1.0
4163,3413,1.0
4164,257,1.0
4168,3016,1.0
4171,3360,0.9
4177,15,1.0
4178,4493,1.0
4179,3668,1.0
418,1421,1.0
4180,1610,0.9
4180,212,1.0
4182,3662,1.0
4183,3231,1.0
419,1698,1.0
4191,2230,0.9
4199,2298,0.9
4202,4284,1.0
4204,860,1.0
4208,4983,1.0
421,529,1.0
4213,3798,1.0
4215,2173,0.7
4217,3058,0.9
4218,1762,1.0
422,3373,1.0
4222,2227,1.0
4224,1435,0.9
4227,3760,1.0
4230,696,1.0
4233,1552,0.9
4234,924,1.0
4238,4356,0.9
4239,1782,1.0
4240,3236,1.0
4244,1285,1.0
4247,3692,0.9
4251,3341,1.0
4252,304,1.0
4256,4526,1.0
4261,4412,1.0
4263,4976,0.95
427,4207,1.0
4270,3895,1.0
4274,4163,1.0
4278,3195,1.0
4279,1000,1.0
4287,1661,0.9
4289,406,1.0
429,1898,1.0
4290,1330,1.0
4294,935,1.0
4298,3477,1.0
43,4969,1.0
430,3326,1.0
4301,1926,1.0
4305,3750,1.0
4312,789,0.7
4316,3035,1.0
4318,4629,1.0
4319,4364,0.6
4329,4615,1.0
433,1370,1.0
4334,2039,1.0
4338,1878,0.9
4342,4927,1.0
4343,3256,1.0
4344,4066,0.85
435,414,1.0
4351,641,1.0
4352,3240,0.9
4354,3537,1.0
4356,1171,1.0
4363,2965,1.0
4364,2798,1.0
4365,1035,1.0
4366,930,1.0
4367,3721,0.9
4375,3910,0.9
4382,3377,1.0
4383,3764,1.0
4384,4799,0.9
4386,4375,1.0
4389,3379,1.0
4390,1528,1.0
4395,2770,1.0
4396,3473,1.0
4397,4296,1.0
4399,4486,1.0
44,2365,1.0
4400,1405,1.0
4404,398,1.0
4408,873,1.0
442,3569,1.0
4420,4664,1.0
4423,3816,1.0
4424,1505,1.0
4429,3687,1.0
4429,4336,0.516666666667
443,4117,1.0
4433,794,1.0
4434,193,1.0
4437,4294,1.0
4439,2731,1.0
444,103,1.0
4442,2600,1.0
4447,565,0.9
4448,4176,1.0
445,2264,1.0
4454,798,0.6
4456,417,1.0
4465,404,1.0
447,3400,0.9
4474,1395,1.0
4476,3251,1.0
4478,468,1.0
4481,1072,1.0
4482,3795,1.0
4484,828,1.0
4485,4002,1.0
4486,4489,0.6
4488,142,0.9
4503,726,1.0
451,50,1.0
4511,1668,1.0
4517,2338,1.0
4519,4328,0.9
4523,2590,0.9
4525,1037,0.9
4528,4027,0.9
453,3578,0.9
4531,1534,1.0
4532,449,1.0
454,4011,1.0
4542,4203,1.0
4544,1196,1.0
4555,70,1.0
4559,879,1.0
4562,2355,1.0
4563,33,0.9
4566,2295,1.0
4569,2348,1.0
4580,1250,1.0
4585,3646,0.95
459,3248,1.0
4599,1983,1.0
4605,1581,1.0
4609,338,1.0
4612,1329,1.0
4614,4953,1.0
4618,4227,1.0
462,3778,0.95
4620,3365,1.0
4626,1913,1.0
4627,4251,1.0
4631,4690,0.9
4634,1522,1.0
4640,1584,1.0
465,448,1.0
4650,416,1.0
4655,2157,1.0
4659,3485,0.8
4666,47,0.9
467,2865,1.0
4670,3585,1.0
4676,2278,1.0
4684,1206,1.0
4686,2891,1.0
4688,874,1.0
469,3599,1.0
4691,400,1.0
4695,3788,0.975
4698,1201,1.0
4699,2433,1.0
4700,1090,1.0
4706,1599,1.0
4707,2339,1.0
4708,2021,1.0
4713,4378,0.9
4714,46,1.0
4721,3800,1.0
4737,1030,0.9
4739,642,1.0
4745,3475,1.0
4750,1824,1.0
4752,180,1.0
4758,4156,1.0
4761,4300,1.0
4763,946,1.0
4766,3704,1.0
4769,4253,1.0
4771,2933,1.0
4779,1716,0.9
4788,543,1.0
479,3896,1.0
4793,2370,1.0
4795,4675,1.0
4798,3,1.0
48,1446,1.0
480,443,1.0
4800,1980,0.9
4802,3182,1.0
4807,2816,0.9
4808,1702,1.0
4811,3663,1.0
4816,2276,0.916666666667
4817,3258,1.0
4819,3784,0.8
4820,3877,1.0
4822,3802,1.0
4828,1402,1.0
4829,1133,1.0
4832,906,1.0
4834,17,1.0
4839,1658,0.85
484,4661,1.0
4840,3553,1.0
4842,1034,1.0
4843,204,1.0
4846,4183,1.0
4849,1516,1.0
485,4631,1.0
4855,3561,1.0
4856,1855,0.8
4859,3998,1.0
4862,3638,0.95
4863,3522,0.6
4874,4834,1.0
4877,4173,0.533333333333
4878,2941,1.0
4880,4781,1.0
4881,3487,1.0
4883,1234,0.9
4885,2058,1.0
4886,467,1.0
489,488,1.0
4891,1500,1.0
4893,2258,1.0
4895,361,0.775
4899,3280,1.0
49,2451,1.0
490,1848,1.0
4902,2831,1.0
491,3747,1.0
4910,4487,1.0
4918,1968,1.0
4919,3187,1.0
4921,3286,1.0
4925,2518,0.7
4930,83,0.95
4934,1045,1.0
4937,1172,1.0
4942,3728,0.95
4946,2868,0.9
4952,2496,0.8
4954,1754,0.9
4955,3703,0.9
4969,3283,1.0
497,1532,1.0
4970,4460,1.0
4972,4453,0.85
4974,1985,0.7
4977,3879,0.9
4979,534,1.0
4986,4966,1.0
4988,1197,1.0
4990,4046,0.9
4999,1060,1.0
50,4111,1.0
502,514,1.0
503,438,1.0
504,1873,1.0
507,680,1.0
508,1350,1.0
509,1416,1.0
510,899,1.0
512,1474,1.0
516,1811,1.0
518,4701,1.0
519,1325,1.0
52,2759,1.0
521,2782,1.0
526,1369,1.0
528,3321,1.0
529,2087,1.0
530,42,1.0
543,2315,1.0
544,1460,1.0
546,4241,1.0
547,2883,1.0
549,1499,1.0
55,2854,1.0
551,1936,1.0
552,1868,1.0
555,1735,0.95
556,4218,1.0
557,976,0.9
561,2226,1.0
564,1835,0.9
565,1015,1.0
566,451,1.0
567,1557,1.0
569,812,1.0
57,1168,1.0
570,1622,1.0
577,528,1.0
580,4632,1.0
581,3226,1.0
582,2826,1.0
584,4640,1.0
585,3772,1.0
59,964,1.0
591,1925,1.0
592,1360,1.0
597,621,1.0
598,1594,1.0
599,2326,1.0
603,3315,1.0
604,2767,1.0
606,608,1.0
607,2923,1.0
612,4258,1.0
612,436,0.8
617,2836,1.0
618,1441,0.9
619,4646,1.0
621,2337,1.0
623,1914,1.0
627,1108,0.9
631,3355,1.0
632,2154,0.9
634,2733,1.0
636,4788,0.8
64,274,1.0
641,3742,0.95
642,3224,1.0
643,2585,1.0
644,1746,0.75
645,37,1.0
648,646,1.0
65,1437,1.0
650,4075,1.0
651,4545,0.95
652,4557,1.0
654,4039,1.0
657,2653,0.9
660,1032,1.0
666,4716,1.0
667,877,1.0
668,1053,1.0
67,2460,1.0
671,1836,1.0
672,4642,1.0
674,486,1.0
675,1543,1.0
679,3204,1.0
682,606,1.0
685,3579,0.95
687,885,1.0
689,2107,1.0
690,3666,1.0
695,2127,1.0
696,3370,1.0
697,2314,1.0
698,1382,1.0
699,3696,1.0
70,4942,1.0
701,1261,1.0
702,3159,1.0
706,477,1.0
71,4341,1.0
711,3249,1.0
714,2939,1.0
719,3714,1.0
720,3706,1.0
723,3287,1.0
724,504,1.0
727,2327,1.0
733,4910,0.9
735,4488,1.0
736,3584,1.0
737,4992,1.0
738,1357,1.0
739,3291,1.0
741,703,1.0
743,4073,1.0
746,520,1.0
749,4650,1.0
750,673,0.9
752,951,1.0
753,457,1.0
754,4797,1.0
755,4625,1.0
756,1373,1.0
757,2580,1.0
758,1380,1.0
759,4655,1.0
769,1514,1.0
77,3237,1.0
770,442,1.0
772,3723,1.0
773,3708,1.0
775,3781,1.0
777,3690,1.0
778,3707,1.0
78,4457,1.0
780,1008,1.0
781,747,1.0
783,4255,1.0
784,787,1.0
787,1358,1.0
79,638,1.0
791,994,1.0
793,3754,0.9
794,4749,1.0
795,3735,1.0
799,2574,1.0
80,990,1.0
802,729,1.0
805,4165,1.0
806,452,1.0
809,1162,1.0
810,334,1.0
811,1602,1.0
812,2608,1.0
815,4751,1.0
818,892,1.0
819,4773,1.0
820,4829,1.0
826,1989,1.0
828,2703,1.0
83,3407,1.0
832,2730,1.0
833,2290,0.8
834,2663,1.0
835,4451,1.0
839,4376,1.0
840,391,1.0
841,3422,1.0
847,3965,1.0
849,4548,1.0
85,4561,1.0
852,3916,1.0
853,2775,1.0
858,3715,1.0
860,2691,1.0
861,4147,1.0
874,3702,1.0
876,3718,0.95
878,967,0.95
879,1009,1.0
88,3652,1.0
881,2758,1.0
887,2751,1.0
896,588,1.0
897,2092,1.0
899,89,0.9
90,2194,1.0
903,4439,1.0
911,1194,1.0
913,4791,1.0
914,2646,1.0
915,2814,1.0
917,2017,1.0
92,1340,1.0
920,3693,1.0
923,1432,1.0
926,14,1.0
928,4665,1.0
929,2812,0.95
93,2589,1.0
930,106,0.9
932,4878,1.0
933,4226,1.0
935,4666,1.0
938,2799,1.0
939,754,0.9
940,2792,0.833333333333
943,1288,1.0
947,1563,1.0
950,4197,1.0
954,4213,1.0
956,2084,1.0
958,129,1.0
959,5,1.0
96,4944,1.0
962,4645,1.0
963,2310,1.0
964,3211,1.0
966,76,1.0
967,4070,1.0
968,1575,1.0
97,4688,1.0
972,1530,1.0
973,1003,1.0
974,2557,1.0
977,1869,0.636666666667
980,2596,0.9
983,3563,0.9
985,581,1.0
986,3892,0.9
990,4689,1.0
992,2796,1.0
995,2849,1.0
999,1300,1.0
